gis_data/chicago_tracts90.asc
ncols         309
nrows         468
xllcorner     428580.22880066
yllcorner     4610445.8867063
cellsize      90
NODATA_value  -9999
[rows 108 to 143 of 468, columns 83 to 165 of 309]
183 183 183 183 183 182 182 182 182 182 182 182 182 182 181 181 181 181 181 181 181 181 181 180 180 180 180 179 179 179 179 179 179 179 179 178 178 178 178 178 178 177 177 177 177 177 177 177 177 177 176 176 176 176 176 176 176 176 176 175 175 175 175 175 175 175 174 174 173 173 173 173 173 173 173 173 173 189 172 172 172 171 171
183 183 183 183 183 182 182 182 182 182 182 182 182 182 181 181 181 181 181 181 181 181 181 180 180 180 180 179 179 179 179 179 179 179 179 179 178 178 178 178 178 177 177 177 177 177 177 177 177 177 176 176 176 176 176 176 176 176 176 175 175 175 175 175 175 175 174 174 173 173 173 173 173 173 173 173 173 189 172 171 171 171 171
183 183 183 183 183 182 182 182 182 182 182 182 182 182 181 181 181 181 181 181 181 181 181 180 180 180 180 179 179 179 179 179 179 179 179 179 178 178 178 178 178 177 177 177 177 177 177 177 177 177 176 176 176 176 176 176 176 176 176 175 175 175 175 175 175 175 174 174 173 173 173 173 173 173 173 173 173 189 189 189 189 171 171
183 183 183 183 183 182 182 182 182 182 182 182 182 182 181 181 181 181 181 181 181 181 181 180 180 180 180 179 179 179 179 179 179 179 179 179 178 178 178 178 178 177 177 177 177 177 177 177 177 177 176 176 176 176 176 176 176 176 176 175 175 175 175 175 175 175 174 174 173 173 173 173 173 173 173 173 173 189 189 189 189 171 171
183 183 183 183 183 182 182 182 182 182 182 182 182 182 181 181 181 181 181 206 206 206 206 205 205 205 205 204 204 204 204 204 204 204 204 204 204 203 203 203 203 202 202 202 202 202 202 202 202 202 201 201 201 201 201 201 201 201 201 200 200 200 200 199 199 199 199 199 198 198 198 198 197 197 197 197 197 189 189 189 189 189 196
208 208 208 208 208 207 207 207 207 207 207 207 207 207 206 206 206 206 206 206 206 206 206 205 205 205 205 204 204 204 204 204 204 204 204 204 204 203 203 203 203 202 202 202 202 202 202 202 202 202 201 201 201 201 201 201 201 201 201 200 200 200 200 199 199 199 199 199 198 198 198 198 197 197 197 197 197 189 189 189 189 189 189
208 208 208 208 208 207 207 207 207 207 207 207 207 207 206 206 206 206 206 206 206 206 206 205 205 205 205 204 204 204 204 204 204 204 204 204 204 204 203 203 203 202 202 202 202 202 202 202 202 202 201 201 201 201 201 201 201 201 201 200 200 200 200 199 199 199 199 199 198 198 198 198 197 197 197 197 197 189 189 189 189 189 189
208 208 208 208 208 207 207 207 207 207 207 207 207 207 206 206 206 206 206 206 206 206 206 205 205 205 205 204 204 204 204 204 204 204 204 204 204 204 203 203 203 202 202 202 202 202 202 202 202 202 201 201 201 201 201 201 201 201 201 200 200 200 200 199 199 199 199 199 198 198 198 198 197 197 197 197 197 189 189 189 189 189 189
208 208 208 208 208 207 207 207 207 207 207 207 207 207 206 206 206 206 206 206 206 206 206 205 205 205 205 204 204 204 204 204 204 204 204 204 204 204 203 203 203 202 202 202 202 202 202 202 202 202 201 201 201 201 201 201 201 201 200 200 200 200 200 199 199 199 199 199 198 198 198 198 197 197 197 197 197 189 189 189 189 189 189
208 208 208 208 208 207 207 207 207 207 207 207 207 207 206 206 206 206 206 206 206 206 206 205 205 205 205 204 204 204 204 204 204 204 204 204 204 204 204 203 203 202 202 202 202 202 202 202 202 202 201 201 201 201 201 201 201 201 201 200 200 200 200 199 199 199 199 199 198 198 198 198 197 197 197 197 197 189 189 189 189 189 189
208 208 208 208 208 207 207 207 207 207 207 207 207 207 206 206 206 206 206 206 206 206 206 205 205 205 205 204 204 204 204 204 204 204 204 204 204 204 204 203 203 202 202 202 202 202 202 202 202 202 201 201 201 201 201 201 201 201 201 200 200 200 200 199 199 199 199 199 198 198 198 198 197 197 197 197 197 189 189 189 189 189 189
208 208 208 208 208 207 207 207 207 207 207 207 207 207 206 206 206 206 206 206 206 206 206 205 205 205 205 204 204 204 204 204 204 204 204 204 204 204 204 203 203 202 202 202 202 202 202 202 202 202 201 201 201 201 201 201 201 201 201 200 200 200 200 200 199 199 199 199 198 198 198 198 198 197 197 197 197 189 189 189 189 189 189
208 208 208 208 208 207 207 207 207 207 207 207 207 207 206 206 206 206 206 206 206 206 206 205 205 205 205 204 204 204 204 204 204 204 204 204 204 204 204 204 203 202 202 202 202 202 202 202 202 202 201 201 201 201 201 201 201 201 201 200 200 200 200 200 199 199 199 199 198 198 198 198 198 197 197 197 197 189 189 189 189 189 189
208 208 208 208 208 207 207 207 207 207 207 207 207 207 206 206 206 206 206 229 229 229 229 228 228 228 228 227 227 227 227 227 227 227 227 227 227 227 227 227 227 226 226 226 226 226 226 226 226 226 225 225 225 224 224 224 224 224 224 223 223 223 223 223 222 222 222 222 221 221 221 221 220 220 220 220 220 219 219 219 219 219 218
231 231 231 231 231 230 230 230 230 230 230 230 230 230 229 229 229 229 229 229 229 229 229 228 228 228 228 227 227 227 227 227 227 227 227 227 227 227 227 227 227 226 226 226 226 226 226 226 226 226 225 225 225 224 224 224 224 224 224 223 223 223 223 223 222 222 222 222 221 221 221 221 220 220 220 220 220 219 219 219 219 219 218
231 231 231 231 231 230 230 230 230 230 230 230 230 230 229 229 229 229 229 229 229 229 229 228 228 228 228 227 227 227 227 227 227 227 227 227 227 227 227 227 227 226 226 226 226 226 226 226 226 226 225 225 225 224 224 224 224 224 224 223 223 223 223 223 222 222 222 222 221 221 221 221 220 220 220 220 220 219 219 219 219 219 218
231 231 231 231 231 230 230 230 230 230 230 230 230 230 229 229 229 229 229 229 229 229 229 228 228 228 228 235 235 235 235 235 235 235 235 235 235 235 235 235 235 226 226 226 226 226 226 226 226 226 225 225 225 224 224 224 224 224 224 223 223 223 223 223 222 222 222 222 221 221 221 221 220 220 220 220 220 219 219 219 219 219 218
231 231 231 231 231 230 230 230 230 230 230 230 230 230 229 229 229 229 229 229 229 229 229 228 228 228 228 235 235 235 235 235 235 235 235 235 235 235 235 235 235 226 226 226 226 226 226 226 226 226 225 225 225 224 224 224 224 224 224 223 223 223 223 223 222 222 222 222 221 221 221 221 220 220 220 220 220 219 219 219 219 219 218
231 231 231 231 231 230 230 230 230 230 230 230 230 230 229 229 229 229 229 229 229 229 229 228 228 228 228 235 235 235 235 235 235 235 235 235 235 235 235 235 235 226 226 226 226 226 226 226 226 226 225 225 225 224 224 224 224 224 224 223 223 223 223 223 222 222 222 222 221 221 221 221 220 220 220 220 220 219 219 219 219 219 218
231 231 231 231 231 230 230 230 230 230 230 230 230 230 229 229 229 229 229 229 229 229 229 228 228 228 228 235 235 235 235 235 235 235 235 235 235 235 235 235 235 226 226 226 226 226 226 226 226 226 225 225 225 224 224 224 224 224 224 223 223 223 223 223 222 222 222 222 221 221 221 221 221 220 220 220 220 219 219 219 219 219 218
231 231 231 231 231 230 230 230 230 230 230 230 230 230 229 229 229 229 229 229 229 229 229 228 228 228 228 235 235 235 235 235 235 235 235 235 235 235 235 235 235 235 235 226 226 226 226 226 226 226 225 225 225 224 224 224 224 224 224 223 223 223 223 223 222 222 222 222 221 221 221 221 221 221 220 220 220 219 219 219 219 219 218
231 231 231 231 231 230 230 230 230 230 230 230 230 230 229 229 229 229 229 229 229 229 229 228 228 228 228 235 235 235 235 235 235 235 235 235 235 235 235 235 235 235 235 226 226 226 226 226 226 226 225 225 225 224 224 224 224 224 224 223 223 223 223 223 222 222 222 222 221 221 221 221 221 221 221 220 220 219 219 219 219 219 218
231 231 231 231 231 230 230 230 230 230 230 230 230 230 229 229 229 229 229 229 229 229 229 228 228 228 228 253 253 253 253 253 253 253 253 253 253 253 253 253 253 252 252 251 251 251 251 251 251 251 250 250 250 249 249 249 249 249 249 248 248 248 248 248 247 247 247 247 246 246 246 246 246 245 245 245 245 244 244 244 244 244 244
255 255 255 255 255 256 256 256 256 256 256 230 230 230 229 229 229 229 229 229 229 229 229 228 228 228 228 253 253 253 253 253 253 253 253 253 253 253 253 253 253 252 252 251 251 251 251 251 251 251 250 250 250 249 249 249 249 249 249 248 248 248 248 248 247 247 247 247 246 246 246 246 246 245 245 245 245 244 244 244 244 244 244
255 255 255 255 255 256 256 256 256 256 256 256 256 256 257 257 229 229 229 229 229 229 229 228 228 228 228 253 253 253 253 253 253 253 253 253 253 253 253 253 253 252 252 251 251 251 251 251 251 251 250 250 250 249 249 249 249 249 249 248 248 248 248 248 247 247 247 247 246 246 246 246 246 245 245 245 245 244 244 244 244 244 244
255 255 255 255 255 256 256 256 256 256 256 256 256 256 257 257 257 257 257 257 257 257 229 228 228 228 228 253 253 253 253 253 253 253 253 253 253 253 253 253 253 252 252 252 252 251 251 251 251 251 250 250 250 249 249 249 249 249 249 248 248 248 248 248 247 247 247 247 246 246 246 246 246 245 245 245 245 244 244 244 244 244 244
255 255 255 255 255 256 256 256 256 256 256 256 256 256 257 257 257 257 257 257 257 257 257 262 262 262 262 269 269 253 253 253 253 253 253 253 253 253 253 253 253 252 252 252 252 251 251 251 251 251 250 250 250 249 249 249 249 249 249 248 248 248 248 248 247 247 247 265 246 246 246 246 246 245 245 245 245 244 244 244 244 244 259
255 255 255 255 255 256 256 256 256 256 256 256 256 256 257 257 257 257 257 257 257 257 257 262 262 262 262 269 269 269 269 269 269 269 269 269 269 269 269 269 269 270 270 270 270 270 270 270 270 270 271 271 271 268 268 268 268 268 268 267 267 267 267 267 265 265 265 265 266 266 266 266 266 264 264 264 264 263 263 263 263 263 259
255 255 255 255 255 256 256 256 256 256 256 256 256 256 257 257 257 257 257 257 257 257 257 262 262 262 262 269 269 269 269 269 269 269 269 269 269 269 269 269 269 270 270 270 270 270 270 270 270 270 271 271 271 268 268 268 268 268 268 267 267 267 267 267 265 265 265 265 266 266 266 266 266 264 264 264 264 263 263 263 263 263 263
255 255 255 255 255 256 256 256 256 256 256 256 256 256 257 257 257 257 257 257 257 257 257 262 262 262 262 269 269 269 269 269 269 269 269 269 269 269 269 269 269 270 270 270 270 270 270 270 270 270 271 271 271 268 268 268 268 268 268 267 267 267 267 267 265 265 265 265 266 266 266 266 266 264 264 264 264 263 263 263 263 263 263
255 255 255 255 255 256 256 256 256 256 256 256 256 256 257 257 257 257 257 257 257 257 257 262 262 262 262 269 269 269 269 269 269 269 269 269 269 269 269 269 269 270 270 270 270 270 270 270 270 270 271 271 271 268 268 268 268 268 268 267 267 267 267 267 265 265 265 265 266 266 266 266 266 264 264 264 264 263 263 263 263 263 263
255 255 255 255 255 256 256 256 256 256 256 256 256 256 257 257 257 257 257 257 257 257 292 291 291 291 291 290 290 290 290 290 290 290 290 290 290 290 290 290 290 289 289 289 289 289 289 289 289 289 288 288 287 287 287 287 287 287 287 286 286 286 286 286 286 286 286 286 285 285 285 285 285 284 284 284 284 283 283 283 283 283 282
294 294 294 294 294 293 293 293 293 293 293 293 293 293 292 292 292 292 292 292 292 292 292 291 291 291 291 290 290 290 290 290 290 290 290 290 290 290 290 290 290 289 289 289 289 289 289 289 289 289 288 288 287 287 287 287 287 287 287 286 286 286 286 286 286 286 286 286 285 285 285 285 285 284 284 284 284 283 283 283 283 283 282
294 294 294 294 294 293 293 293 293 293 293 293 293 293 292 292 292 292 292 292 292 292 292 291 291 291 291 290 290 290 290 290 290 290 290 290 290 290 290 290 290 289 289 289 289 289 289 289 289 289 288 288 287 287 287 287 287 287 287 286 286 286 286 286 286 286 286 286 285 285 285 285 285 284 284 284 284 283 283 283 283 283 282
294 294 294 294 294 293 293 293 293 293 293 293 293 293 292 292 292 292 292 292 292 292 292 291 291 291 291 290 290 290 290 290 290 290 290 290 290 290 290 290 290 289 289 289 289 289 289 289 289 289 288 288 287 287 287 287 287 287 287 286 286 286 286 286 286 286 286 286 285 285 285 285 285 284 284 284 284 283 283 283 283 283 282
294 294 294 294 294 293 293 293 293 293 293 293 293 293 292 292 292 292 292 292 292 292 292 291 291 291 291 290 290 290 290 290 290 290 290 290 290 290 290 290 290 289 289 289 289 289 289 289 289 289 288 288 287 287 287 287 287 287 287 286 286 286 286 286 286 286 286 286 285 285 285 285 285 284 284 284 284 283 283 283 283 283 282
