gis_data/chicago_tracts90.asc
ncols         309
nrows         468
xllcorner     428580.22880066
yllcorner     4610445.8867063
cellsize      90
NODATA_value  -9999
[rows 144 to 179 of 468, columns 83 to 165 of 309]
294 294 294 294 294 293 293 293 293 293 293 293 293 293 292 292 292 292 292 292 292 291 291 291 291 291 291 290 290 290 290 290 290 290 290 290 290 290 290 290 290 289 289 289 289 289 289 289 289 289 288 288 287 287 287 287 287 287 287 286 286 286 286 286 286 286 286 286 285 285 285 285 285 284 284 284 284 283 283 283 283 283 282
294 294 294 294 294 293 293 293 293 293 293 293 293 293 292 292 292 292 292 292 292 291 291 291 291 291 291 290 290 290 290 290 290 290 290 290 290 290 290 290 290 289 289 289 289 289 289 289 289 289 288 288 287 287 287 287 287 287 287 286 286 286 286 286 286 286 286 286 295 295 295 295 295 284 284 284 284 283 283 283 283 283 282
294 294 294 294 294 293 293 293 293 293 293 293 293 293 292 292 292 292 292 292 292 291 291 291 291 291 291 290 290 290 290 290 290 290 290 290 290 290 290 290 290 289 289 289 289 289 289 289 289 289 288 288 288 288 288 287 287 287 287 286 286 286 286 286 286 286 286 286 295 295 295 295 295 284 284 284 284 283 283 283 283 283 282
294 294 294 294 294 293 293 293 293 293 293 293 293 293 292 292 292 292 292 292 292 291 291 291 291 291 291 290 290 290 290 290 290 290 290 290 290 290 290 290 290 289 289 289 289 289 289 289 289 289 288 288 288 288 288 287 287 287 287 286 286 286 286 286 286 286 286 286 295 295 295 295 295 284 284 284 284 283 283 283 283 283 282
294 294 294 294 294 293 293 293 293 293 293 293 293 293 292 292 292 315 315 315 315 314 314 314 314 314 314 313 313 313 313 313 313 313 313 313 313 313 313 313 313 312 312 312 312 312 312 312 312 312 311 311 310 310 310 310 310 310 310 286 286 286 286 286 286 286 286 286 295 295 295 295 295 309 309 309 309 308 308 308 308 308 307
317 317 317 317 317 316 316 316 316 316 316 316 316 316 315 315 315 315 315 315 315 314 314 314 314 314 314 313 313 313 313 313 313 313 313 313 313 313 313 313 313 312 312 312 312 312 312 312 312 312 311 311 311 310 310 310 310 310 310 286 286 286 286 286 286 286 286 286 295 295 295 295 295 309 309 309 309 308 308 308 308 308 307
317 317 317 317 317 316 316 316 316 316 316 316 316 316 315 315 315 315 315 315 315 314 314 314 314 314 314 313 313 313 313 313 313 313 313 313 313 313 313 313 313 312 312 312 312 312 312 312 312 312 311 311 310 311 310 310 310 310 310 286 286 286 286 286 286 286 286 286 295 295 295 295 295 309 309 309 309 308 308 308 308 308 307
317 317 317 317 317 316 316 316 316 316 316 316 316 316 315 315 315 315 315 315 315 314 314 314 314 314 314 313 313 313 313 313 313 313 313 313 313 313 313 313 313 312 312 312 312 312 312 312 312 312 311 311 310 310 311 310 310 310 310 286 286 286 286 286 286 286 286 286 295 295 295 295 295 309 309 309 309 308 308 308 308 308 307
317 317 317 317 317 316 316 316 316 316 316 316 316 316 315 315 315 315 315 315 315 314 314 314 314 314 314 313 313 313 313 313 313 313 313 313 313 313 313 313 313 312 312 312 312 312 312 312 312 312 311 311 310 310 310 310 310 310 310 286 286 286 286 286 286 286 286 286 295 295 295 295 295 309 309 309 309 308 308 308 308 308 307
317 317 317 317 317 316 316 316 316 316 316 316 316 316 315 315 315 315 315 315 315 314 314 314 314 314 314 314 313 313 313 313 313 313 313 313 313 313 313 313 313 312 312 312 312 312 312 312 312 312 311 311 311 310 310 310 310 310 310 322 322 322 322 322 321 321 321 321 295 295 295 295 295 309 309 309 309 308 308 308 308 308 307
317 317 317 317 317 316 316 316 316 316 316 316 316 316 315 315 315 315 315 315 315 314 314 314 314 314 314 314 313 313 313 313 313 313 313 313 313 313 313 313 313 312 312 312 312 312 312 312 312 312 311 311 311 310 310 310 310 310 310 322 322 322 322 322 321 321 321 321 295 295 295 295 295 295 295 309 309 308 308 308 308 308 307
317 317 317 317 317 316 316 316 316 316 316 316 316 316 315 315 315 315 315 315 315 314 314 314 314 314 314 314 313 313 313 313 313 313 313 313 313 313 313 313 313 312 312 312 312 312 312 312 312 312 311 311 311 310 310 310 310 310 310 322 322 322 322 322 321 321 321 321 295 295 295 295 295 309 309 309 309 308 308 308 308 308 307
317 317 317 317 317 316 316 316 316 316 316 316 316 316 315 315 315 315 315 315 315 314 314 314 314 314 314 313 313 313 313 313 313 313 313 313 313 313 313 313 313 312 312 312 312 312 312 312 312 312 311 311 311 310 310 310 310 310 310 322 322 322 322 321 321 321 321 321 295 295 295 295 295 309 309 309 309 308 308 308 308 308 307
317 317 317 317 317 316 316 316 316 316 316 316 316 316 315 315 315 315 315 315 315 314 314 314 314 340 340 340 339 339 339 339 339 339 339 339 339 339 339 339 339 338 338 338 338 338 338 338 338 338 338 338 338 338 338 337 337 337 337 336 336 336 336 336 336 336 336 336 335 335 335 335 335 335 335 335 335 334 334 334 334 334 333
343 343 343 343 343 342 342 342 342 342 342 342 342 342 341 341 341 341 341 341 341 340 340 340 340 340 340 340 339 339 339 339 339 339 339 339 339 339 339 339 339 338 338 338 338 338 338 338 338 338 338 338 338 338 338 337 337 337 337 336 336 336 336 336 336 336 336 336 335 335 335 335 335 335 335 335 335 335 334 334 334 334 333
343 343 343 343 343 342 342 342 342 342 342 342 342 342 341 341 341 341 341 341 341 340 340 340 340 340 340 340 339 339 339 339 339 339 339 339 339 339 339 339 339 338 338 338 338 338 338 338 338 338 338 338 338 338 338 337 337 337 337 336 336 336 336 336 336 336 336 336 336 336 335 335 335 335 335 335 335 335 334 334 334 334 333
343 343 343 343 343 342 342 342 342 342 342 342 342 342 341 341 341 341 341 341 341 340 340 340 340 340 340 340 339 339 339 339 339 339 339 339 339 339 339 339 339 338 338 338 338 338 338 338 338 338 338 338 338 338 338 337 337 337 337 336 336 336 336 336 336 336 336 336 336 336 336 336 335 335 335 335 335 335 334 334 334 334 333
343 343 343 343 343 342 342 342 342 342 342 342 342 342 341 341 341 341 341 341 341 340 340 340 340 340 340 340 339 339 339 339 339 339 339 339 339 339 339 339 339 338 338 338 338 338 338 338 338 338 338 338 338 338 338 337 337 337 337 336 336 336 336 336 336 336 336 336 336 336 336 336 336 335 335 335 335 335 334 334 334 334 333
343 343 343 343 343 342 342 342 342 342 342 342 342 342 341 341 341 341 341 341 341 340 340 340 340 340 340 340 339 339 339 339 339 339 339 339 339 339 339 339 339 338 338 338 338 338 338 338 338 338 338 338 338 338 338 337 337 337 337 336 336 336 336 336 336 336 336 336 336 336 336 336 336 335 335 335 335 335 334 334 334 334 333
343 343 343 343 343 342 342 342 342 342 342 342 342 342 341 341 341 341 341 341 341 340 340 340 340 340 340 340 339 339 339 339 339 339 339 339 339 339 339 339 339 338 338 338 338 338 338 338 338 338 338 338 338 338 338 337 337 337 337 336 336 336 336 336 336 336 336 336 336 336 336 336 336 335 335 335 335 335 334 334 334 334 333
343 343 343 343 343 342 342 342 342 342 342 342 342 342 341 341 341 341 341 341 341 340 340 340 340 340 340 340 339 339 339 339 339 339 339 339 339 339 339 339 339 338 338 338 338 338 338 338 338 338 338 338 338 338 338 337 337 337 337 336 336 336 336 336 336 336 336 336 336 336 336 336 336 335 335 335 335 335 334 334 334 334 333
343 343 343 343 343 342 342 342 342 342 342 342 342 342 341 341 341 341 341 341 341 340 340 340 340 340 340 340 339 339 339 339 339 339 339 339 339 339 339 339 339 338 338 338 338 338 338 338 338 338 338 338 338 338 338 337 337 337 337 336 336 336 336 336 336 336 336 336 336 336 336 336 336 335 335 335 335 335 334 334 334 334 333
343 343 343 343 343 342 342 342 342 342 342 342 342 342 360 360 360 360 360 360 360 360 360 360 360 360 360 360 359 359 359 359 358 358 358 358 358 357 357 357 357 338 338 355 355 355 354 354 354 354 354 354 354 354 354 353 353 353 353 351 351 351 351 351 351 351 351 351 351 352 352 352 352 352 352 352 350 350 349 349 349 349 349
362 362 362 362 362 361 361 361 361 361 361 361 361 361 360 360 360 360 360 360 360 360 360 360 360 360 360 360 359 359 359 359 358 358 358 358 358 357 357 357 357 355 355 355 355 355 354 354 354 354 354 354 354 354 354 353 353 353 353 351 351 351 351 351 351 351 351 351 351 352 352 352 352 352 350 350 350 350 349 349 349 349 349
362 362 362 362 362 361 361 361 361 361 361 361 361 361 360 360 360 360 360 360 360 360 360 360 360 360 360 360 359 359 359 359 358 358 358 358 358 357 357 357 357 355 355 355 355 355 354 354 354 354 354 354 354 354 354 353 353 353 353 351 351 351 351 351 351 351 351 351 351 352 352 352 352 350 350 350 350 350 349 349 349 349 349
362 362 362 362 362 361 361 361 361 361 361 361 361 361 360 360 360 360 360 360 360 360 360 360 360 360 360 360 359 359 359 359 358 358 358 358 358 357 357 357 357 355 355 355 355 355 354 354 354 354 354 354 354 354 354 353 353 353 353 351 351 351 351 351 351 351 351 351 351 352 352 352 352 350 350 350 350 350 349 349 349 349 349
362 362 362 362 362 361 361 361 361 361 361 361 361 361 360 360 360 360 360 360 360 360 360 360 360 360 360 360 359 359 359 359 358 358 358 358 358 357 357 357 357 355 355 355 355 355 354 354 354 354 354 354 354 354 354 353 353 353 353 353 351 351 351 351 351 351 351 351 351 352 352 352 352 350 350 350 350 350 349 349 349 349 349
362 362 362 362 362 361 361 361 361 361 361 361 361 361 360 360 360 360 360 360 360 360 360 360 360 360 360 360 359 359 359 359 358 358 358 358 358 357 357 357 357 355 355 355 355 355 354 354 354 354 354 354 354 354 354 353 353 353 353 353 351 351 351 351 351 351 351 351 351 352 352 352 350 350 350 350 350 350 349 349 349 349 349
362 362 362 362 362 361 361 361 361 361 361 361 361 361 360 360 360 360 360 360 360 360 360 360 360 360 360 360 359 359 359 359 358 358 358 358 358 357 357 357 357 357 355 355 355 355 354 354 354 354 354 354 354 354 354 353 353 353 353 353 351 351 351 351 351 351 351 351 351 352 352 352 350 350 350 350 350 350 349 349 349 349 349
362 362 362 362 362 361 361 361 361 361 361 361 361 361 360 360 360 360 360 360 360 360 360 360 360 360 360 360 359 359 359 359 358 358 358 358 358 357 357 357 357 357 355 355 355 355 354 354 354 354 354 354 354 354 374 373 373 373 373 373 372 372 372 372 370 370 370 370 370 369 369 369 368 368 368 368 368 368 367 367 366 366 365
362 362 362 362 362 361 361 361 361 361 361 361 361 361 360 360 360 360 360 360 360 360 360 360 360 360 360 360 359 359 359 359 358 358 358 358 358 357 357 357 357 357 355 355 355 355 374 374 374 374 374 354 354 374 374 373 373 373 373 373 372 372 372 372 370 370 370 370 370 369 369 369 368 368 368 368 368 368 367 367 366 366 365
362 362 362 362 362 361 361 361 361 361 361 361 361 361 360 360 393 393 393 393 393 393 393 393 393 393 393 393 392 392 392 392 392 391 391 391 391 390 390 390 390 390 389 389 389 389 374 374 374 374 374 388 388 388 388 387 387 387 387 387 386 386 386 386 385 385 385 385 385 384 384 384 384 382 382 382 382 382 381 381 380 380 379
394 394 394 394 394 394 394 394 394 394 394 394 394 394 393 393 393 393 393 393 393 393 393 393 393 393 393 393 392 392 392 392 392 391 391 391 391 390 390 390 390 390 389 389 389 389 374 374 374 374 374 388 388 388 388 387 387 387 387 387 386 386 386 386 385 385 385 385 385 384 384 384 384 382 382 382 382 382 381 381 380 380 379
394 394 394 394 394 394 394 394 394 394 394 394 394 394 393 393 393 393 393 393 393 393 393 393 393 393 393 393 392 392 392 392 392 391 391 391 391 390 390 390 390 390 389 389 389 389 374 374 374 374 374 388 388 388 388 387 387 387 387 387 386 386 386 386 385 385 385 385 385 384 384 384 384 382 382 382 382 382 381 381 380 380 379
394 394 394 394 394 394 394 394 394 394 394 394 394 394 393 393 393 393 393 393 393 393 393 393 393 393 393 393 392 392 392 392 392 391 391 391 391 390 390 390 390 390 389 389 389 389 374 374 374 374 374 388 388 388 388 387 387 387 387 387 386 386 386 386 385 385 385 385 385 384 384 384 384 382 382 382 382 382 381 381 380 380 379
394 394 394 394 394 394 394 394 394 394 394 394 394 394 394 393 393 393 393 393 393 393 393 393 393 393 393 393 392 392 392 392 392 391 391 391 391 390 390 390 390 390 389 389 389 389 374 374 374 374 374 388 388 388 388 387 387 387 387 387 386 386 386 386 385 385 385 385 385 384 384 384 384 382 382 382 382 382 381 381 380 380 379
