gis_data/chicago_tracts90.asc
ncols         309
nrows         468
xllcorner     428580.22880066
yllcorner     4610445.8867063
cellsize      90
NODATA_value  -9999
[rows 180 to 215 of 468, columns 83 to 165 of 309]
394 394 394 394 394 394 394 394 394 394 394 394 394 394 394 393 393 393 393 393 393 393 393 393 393 393 393 393 393 392 392 392 392 391 391 391 391 390 390 390 390 390 389 389 389 389 374 374 374 374 374 388 388 388 388 387 387 387 387 387 386 386 386 386 385 385 385 385 385 384 384 384 384 382 382 382 382 382 381 381 380 380 379
394 394 394 394 394 394 394 394 394 394 394 394 394 394 394 393 393 393 393 393 393 393 393 393 393 393 393 393 393 392 392 392 392 391 391 391 391 390 390 390 390 390 389 389 389 389 374 374 374 374 374 388 388 388 388 387 387 387 387 387 386 386 386 386 385 385 385 385 385 403 403 403 403 402 402 402 402 402 401 401 401 401 401
394 394 394 394 394 394 394 394 394 394 394 394 394 394 394 393 393 393 393 393 393 393 393 393 393 393 393 393 393 392 392 392 392 391 391 391 391 390 390 390 390 390 389 389 389 389 374 374 374 374 374 388 388 388 388 387 387 387 387 387 386 386 386 386 385 385 385 385 385 403 403 403 403 402 402 402 402 402 401 401 401 401 401
394 394 394 394 394 394 394 394 394 394 394 394 394 394 394 393 393 393 393 393 393 393 393 393 393 393 393 393 393 392 392 392 392 391 391 391 391 390 390 390 390 390 389 389 389 389 374 374 374 374 374 388 388 388 388 387 387 387 387 387 386 386 386 386 385 385 385 385 385 403 403 403 403 402 402 402 402 402 401 401 401 401 401
394 394 394 394 394 394 394 394 394 394 394 394 394 394 394 393 393 393 393 393 393 393 393 393 414 414 414 414 392 392 392 392 392 412 412 412 412 412 412 412 412 412 413 413 413 413 374 374 374 374 374 411 411 411 411 410 410 410 410 410 409 409 409 409 408 408 408 408 408 403 403 403 403 402 402 402 402 402 407 407 406 406 406
394 394 394 394 394 394 415 415 415 415 415 415 415 415 415 414 414 414 414 414 414 414 414 414 414 414 414 414 392 392 392 412 412 412 412 412 412 412 412 412 412 412 413 413 413 413 374 374 374 374 374 411 411 411 411 410 410 410 410 410 409 409 409 409 408 408 408 408 408 403 403 403 403 402 402 402 402 402 407 407 406 406 406
394 394 394 394 394 394 415 415 415 415 415 415 415 415 415 414 414 414 414 414 414 414 414 414 414 414 414 414 412 412 412 412 412 412 412 412 412 412 412 412 412 412 413 413 413 413 374 374 374 374 374 411 411 411 411 410 410 410 410 410 409 409 409 409 408 408 408 408 408 403 403 403 403 402 402 402 402 402 407 407 406 406 406
415 415 415 415 415 415 415 415 415 415 415 415 415 415 415 414 414 414 414 414 414 414 414 414 414 414 414 414 412 412 412 412 412 412 419 412 412 412 412 412 412 412 413 413 413 413 374 374 374 374 374 411 411 411 411 410 410 410 410 410 409 409 409 409 408 408 408 408 408 403 403 403 403 402 402 402 402 402 407 407 406 406 406
415 415 415 415 415 415 415 415 415 415 415 415 415 415 415 414 414 414 414 414 414 414 414 414 414 414 414 414 412 412 412 412 419 419 419 412 412 412 412 412 412 412 413 413 413 413 374 374 374 374 374 411 411 411 411 410 410 410 410 410 409 409 409 409 408 408 408 408 408 403 403 403 403 402 402 402 402 402 407 407 406 406 406
415 415 415 415 415 415 415 415 415 415 415 415 415 415 415 414 414 414 414 414 414 414 414 414 414 414 414 414 412 419 419 419 419 419 419 412 412 412 412 412 412 412 413 413 413 413 421 421 421 421 421 421 421 421 421 420 420 420 420 420 409 409 409 409 408 408 408 408 408 403 403 403 403 402 402 402 402 402 407 407 406 406 406
415 415 415 415 415 415 415 415 415 415 415 415 415 415 415 414 414 414 414 414 414 414 414 414 414 414 414 414 419 419 419 419 419 419 419 419 419 419 419 419 419 419 430 430 430 430 429 429 429 429 429 421 421 421 421 420 420 420 420 420 427 427 427 427 426 426 426 426 426 425 425 425 425 402 402 402 402 402 407 407 424 424 424
415 415 415 415 415 415 415 415 415 415 415 415 415 415 415 414 414 414 414 414 414 414 414 414 414 414 414 414 419 419 419 419 419 419 419 419 419 419 419 419 419 419 430 430 430 430 429 429 429 429 429 421 421 421 421 420 420 420 420 420 427 427 427 427 426 426 426 426 426 425 425 425 425 402 402 402 402 402 407 407 424 424 424
415 415 415 415 415 415 415 415 415 415 415 415 415 415 415 414 414 414 414 414 414 414 414 414 414 414 414 414 419 419 419 419 419 419 419 419 419 419 419 419 419 419 430 430 430 430 430 429 429 429 429 421 421 421 421 420 420 420 420 420 427 427 427 427 426 426 426 426 426 425 425 425 425 425 402 402 402 402 407 407 424 424 424
-9999 -9999 -9999 -9999 -9999 -9999 -9999 -9999 -9999 -9999 -9999 -9999 -9999 -9999 -9999 -9999 -9999 -9999 -9999 -9999 -9999 -9999 -9999 -9999 -9999 -9999 -9999 -9999 445 445 445 445 445 445 445 445 445 445 445 445 445 445 444 444 444 444 444 444 444 444 444 443 443 443 443 442 442 442 442 442 441 441 441 441 441 441 441 441 441 440 440 440 440 440 439 439 439 439 438 438 438 438 438
-9999 -9999 -9999 -9999 -9999 -9999 -9999 -9999 -9999 -9999 -9999 -9999 -9999 -9999 -9999 -9999 -9999 -9999 -9999 -9999 -9999 -9999 -9999 -9999 -9999 -9999 -9999 -9999 445 445 445 445 445 445 445 445 445 445 445 445 445 445 444 444 444 444 444 444 444 444 444 443 443 443 443 442 442 442 442 442 441 441 441 441 441 441 441 441 441 440 440 440 440 440 439 439 439 439 438 438 438 438 438
-9999 -9999 -9999 -9999 -9999 -9999 -9999 -9999 -9999 -9999 -9999 -9999 -9999 -9999 -9999 -9999 -9999 -9999 -9999 -9999 -9999 -9999 -9999 -9999 -9999 -9999 -9999 -9999 445 445 445 445 445 445 445 445 445 445 445 445 445 445 444 444 444 444 444 444 444 444 444 443 443 443 443 442 442 442 442 442 441 441 441 441 441 441 441 441 441 440 440 440 440 440 440 439 439 439 438 438 438 438 438
-9999 -9999 -9999 -9999 -9999 -9999 -9999 -9999 -9999 -9999 -9999 -9999 -9999 -9999 -9999 -9999 -9999 -9999 -9999 -9999 -9999 -9999 -9999 -9999 -9999 -9999 -9999 -9999 445 445 445 445 445 445 445 445 445 445 445 445 445 445 444 444 444 444 444 444 444 444 444 443 443 443 443 442 442 442 442 442 441 441 441 441 441 441 441 441 441 440 440 440 440 440 440 439 439 439 438 438 438 438 438
-9999 -9999 -9999 -9999 -9999 -9999 -9999 -9999 -9999 -9999 -9999 -9999 -9999 -9999 -9999 -9999 -9999 -9999 -9999 -9999 -9999 -9999 -9999 -9999 -9999 -9999 -9999 -9999 445 445 445 445 445 445 445 445 445 445 445 445 445 445 444 444 444 444 444 444 444 444 444 443 443 443 443 442 442 442 442 442 441 441 441 441 441 441 441 441 441 440 440 440 440 440 440 440 439 439 438 438 438 438 438
-9999 -9999 -9999 -9999 -9999 -9999 -9999 -9999 -9999 -9999 -9999 -9999 -9999 -9999 -9999 -9999 -9999 -9999 -9999 -9999 -9999 -9999 -9999 -9999 -9999 -9999 -9999 -9999 445 445 445 445 445 445 445 445 445 445 445 445 445 445 446 446 446 446 444 444 444 444 444 443 443 443 443 442 442 442 442 442 441 441 441 441 441 441 441 441 441 440 440 440 440 440 440 440 439 439 438 438 438 438 438
-9999 -9999 -9999 -9999 -9999 -9999 -9999 -9999 -9999 -9999 -9999 -9999 -9999 -9999 -9999 -9999 -9999 -9999 -9999 -9999 -9999 -9999 -9999 -9999 -9999 -9999 -9999 -9999 445 445 445 445 445 445 445 445 445 445 445 445 445 445 446 446 446 446 444 444 444 444 444 443 443 443 443 442 442 442 442 442 441 441 441 441 441 441 441 441 441 440 440 440 440 440 440 440 439 439 438 438 438 438 438
-9999 -9999 -9999 -9999 -9999 -9999 -9999 -9999 -9999 -9999 -9999 -9999 -9999 -9999 -9999 -9999 -9999 -9999 -9999 -9999 -9999 -9999 -9999 -9999 -9999 -9999 -9999 -9999 445 445 445 445 445 445 445 445 445 445 445 445 445 445 446 446 446 446 444 444 444 444 444 443 443 443 443 442 442 442 442 442 441 441 441 441 441 441 441 441 441 440 440 440 440 440 440 440 439 439 438 438 438 438 438
-9999 -9999 -9999 -9999 -9999 -9999 -9999 -9999 -9999 -9999 -9999 -9999 -9999 -9999 -9999 -9999 -9999 -9999 -9999 -9999 -9999 -9999 -9999 -9999 -9999 -9999 -9999 -9999 445 445 445 445 445 445 445 445 445 445 445 445 445 445 446 446 446 446 444 444 444 444 444 443 443 443 443 442 442 442 442 442 441 441 441 441 441 441 441 441 441 440 440 440 440 440 440 440 439 439 438 438 438 438 438
-9999 -9999 -9999 -9999 -9999 -9999 -9999 -9999 -9999 -9999 -9999 -9999 -9999 -9999 -9999 -9999 -9999 -9999 -9999 -9999 -9999 -9999 -9999 -9999 -9999 -9999 -9999 -9999 462 462 462 462 462 462 462 462 462 462 462 462 462 462 461 461 461 461 461 460 460 460 460 460 460 460 460 459 459 459 459 459 459 459 457 457 457 457 457 457 457 456 456 456 456 456 456 456 455 455 438 438 438 438 438
-9999 -9999 -9999 -9999 -9999 -9999 -9999 -9999 -9999 -9999 -9999 -9999 -9999 -9999 -9999 -9999 -9999 -9999 -9999 -9999 -9999 -9999 -9999 -9999 -9999 -9999 -9999 -9999 462 462 462 462 462 462 462 462 462 462 462 462 462 462 461 461 461 461 461 460 460 460 460 460 460 460 460 459 459 459 459 459 459 457 457 457 457 457 457 457 457 456 456 456 456 456 456 456 455 455 458 458 458 458 458
-9999 -9999 -9999 -9999 -9999 -9999 -9999 -9999 -9999 -9999 -9999 -9999 -9999 -9999 -9999 -9999 -9999 -9999 -9999 -9999 -9999 -9999 -9999 -9999 -9999 -9999 -9999 -9999 462 462 462 462 462 462 462 462 462 462 462 462 462 462 461 461 461 461 461 460 460 460 460 460 460 460 460 459 459 459 465 465 457 457 457 457 457 457 457 457 457 456 456 456 456 456 456 456 455 455 458 458 458 458 458
-9999 -9999 -9999 -9999 -9999 -9999 -9999 -9999 -9999 -9999 -9999 -9999 -9999 -9999 -9999 -9999 -9999 -9999 -9999 -9999 -9999 -9999 -9999 -9999 -9999 -9999 -9999 -9999 462 462 462 462 462 462 462 462 462 462 462 462 462 462 461 461 461 461 461 460 460 460 460 460 460 460 460 460 465 465 465 465 457 457 457 457 457 457 457 457 457 456 456 456 456 456 466 466 455 455 458 458 458 458 458
-9999 -9999 -9999 -9999 -9999 -9999 -9999 -9999 -9999 -9999 -9999 -9999 -9999 -9999 -9999 -9999 -9999 -9999 -9999 -9999 -9999 -9999 -9999 -9999 -9999 -9999 -9999 -9999 462 462 462 462 462 462 462 462 462 462 462 462 462 462 461 461 461 461 461 460 460 460 460 460 460 460 467 467 465 465 465 465 457 457 457 457 457 457 457 457 457 456 456 466 466 466 466 466 455 455 458 458 458 458 458
-9999 -9999 -9999 -9999 -9999 -9999 -9999 -9999 -9999 -9999 -9999 -9999 -9999 -9999 -9999 -9999 -9999 -9999 -9999 -9999 -9999 -9999 -9999 -9999 -9999 -9999 -9999 -9999 -9999 462 462 462 462 462 462 462 462 462 462 462 462 462 461 461 461 461 461 460 460 460 460 471 467 467 467 467 470 470 470 470 457 457 469 469 469 469 468 468 468 466 466 466 466 466 466 466 455 455 458 458 458 458 458
-9999 -9999 -9999 -9999 -9999 -9999 -9999 -9999 -9999 -9999 -9999 -9999 -9999 -9999 -9999 -9999 -9999 -9999 -9999 -9999 -9999 -9999 -9999 -9999 -9999 -9999 -9999 -9999 -9999 462 462 462 462 462 462 462 462 462 462 462 462 462 461 461 461 461 461 460 460 471 471 471 467 467 467 467 470 470 470 470 457 457 469 469 469 469 468 468 468 466 466 466 466 466 466 466 455 455 458 458 458 458 458
-9999 -9999 -9999 -9999 -9999 -9999 -9999 -9999 -9999 -9999 -9999 -9999 -9999 -9999 -9999 -9999 -9999 -9999 -9999 -9999 -9999 -9999 -9999 -9999 -9999 -9999 -9999 -9999 -9999 462 462 462 462 462 462 462 462 462 462 462 462 462 461 461 461 461 461 471 471 471 471 471 467 467 467 472 472 472 472 472 469 469 469 469 469 469 468 468 468 466 466 466 466 466 466 466 455 455 458 458 458 458 458
-9999 -9999 -9999 -9999 -9999 -9999 -9999 -9999 -9999 -9999 -9999 -9999 -9999 -9999 -9999 -9999 -9999 -9999 -9999 -9999 -9999 -9999 -9999 -9999 -9999 -9999 -9999 -9999 -9999 462 462 462 462 462 462 462 462 462 462 462 462 462 461 461 461 461 461 471 471 471 471 471 467 467 467 472 472 472 472 472 469 469 469 469 469 469 468 468 468 466 466 466 466 466 466 466 455 455 458 458 458 458 458
-9999 -9999 -9999 -9999 -9999 -9999 -9999 -9999 -9999 -9999 -9999 -9999 -9999 -9999 -9999 -9999 -9999 -9999 -9999 -9999 -9999 -9999 -9999 -9999 -9999 -9999 -9999 -9999 -9999 490 490 490 490 490 490 490 490 490 490 490 490 490 489 489 488 488 488 487 487 487 487 482 482 482 482 482 486 486 486 486 485 485 485 485 485 484 483 483 483 481 481 481 481 481 481 481 480 480 479 479 479 479 479
-9999 -9999 -9999 -9999 -9999 -9999 -9999 -9999 -9999 -9999 -9999 -9999 -9999 -9999 -9999 -9999 -9999 -9999 -9999 -9999 -9999 -9999 -9999 -9999 -9999 -9999 -9999 -9999 -9999 490 490 490 490 490 490 490 490 490 490 490 490 490 489 489 488 488 488 487 487 487 487 482 482 482 482 482 486 486 486 486 485 485 485 485 485 484 483 483 483 481 481 481 481 481 481 481 480 480 479 479 479 479 479
-9999 -9999 -9999 -9999 -9999 -9999 -9999 -9999 -9999 -9999 -9999 -9999 -9999 -9999 -9999 -9999 -9999 -9999 -9999 -9999 -9999 -9999 -9999 -9999 -9999 -9999 -9999 -9999 -9999 490 490 490 490 490 490 490 490 490 490 490 490 490 489 489 488 488 488 487 487 487 487 482 482 482 482 482 486 486 486 486 485 485 485 485 485 484 483 483 483 481 481 481 481 481 481 481 480 480 479 479 479 479 479
-9999 -9999 -9999 -9999 -9999 -9999 -9999 -9999 -9999 -9999 -9999 -9999 -9999 -9999 -9999 -9999 -9999 -9999 -9999 -9999 -9999 -9999 -9999 -9999 -9999 -9999 -9999 -9999 -9999 490 490 490 490 490 490 490 490 490 490 490 490 490 489 488 488 488 488 487 487 487 487 482 482 482 482 482 486 486 486 486 485 485 485 485 485 484 483 483 483 481 481 481 481 481 481 481 480 480 479 479 479 479 479
-9999 -9999 -9999 -9999 -9999 -9999 -9999 -9999 -9999 -9999 -9999 -9999 -9999 -9999 -9999 -9999 -9999 -9999 -9999 -9999 -9999 -9999 -9999 -9999 -9999 -9999 -9999 -9999 -9999 490 490 490 490 490 490 490 490 490 490 493 493 493 488 488 488 488 488 487 487 487 487 482 482 482 482 482 486 486 486 486 485 485 485 485 485 484 483 483 483 481 481 481 481 481 481 481 480 480 479 479 479 479 479
