gis_data/chicago_tracts90.asc
ncols         309
nrows         468
xllcorner     428580.22880066
yllcorner     4610445.8867063
cellsize      90
NODATA_value  -9999
[rows 252 to 287 of 468, columns 166 to 248 of 309]
558 558 558 558 558 558 558 558 558 558 558 558 558 558 557 557 557 557 557 557 557 557 557 565 565 565 565 565 565 557 557 557 556 556 556 556 556 556 556 556 556 555 555 555 555 555 555 554 554 554 553 553 553 553 552 552 552 552 552 550 550 549 549 549 549 549 549 549 551 551 551 551 547 547 547 547 547 547 547 547 -9999 -9999 -9999
558 558 558 558 558 558 558 558 558 558 558 558 558 558 557 557 557 557 557 557 557 557 557 565 565 565 565 565 565 565 565 565 556 556 556 556 556 556 556 556 556 555 555 555 555 555 555 554 554 554 553 553 553 553 552 552 552 552 552 550 550 549 549 549 549 549 549 549 551 551 551 551 547 547 547 547 547 547 547 547 547 -9999 -9999
558 558 558 558 558 558 558 558 558 558 558 558 558 558 557 557 557 557 557 557 557 557 557 565 565 565 565 565 565 565 565 565 556 556 556 556 556 556 556 556 556 555 555 555 555 555 555 554 554 554 553 553 553 553 552 552 552 552 552 550 550 549 549 549 549 549 549 549 551 551 551 551 547 547 547 547 547 547 547 547 547 -9999 -9999
558 558 558 558 558 558 558 558 558 558 558 558 558 558 557 557 557 557 557 557 557 557 557 565 565 565 565 565 565 565 565 565 556 576 576 576 575 575 575 575 574 574 574 574 574 574 574 573 573 573 572 572 572 572 571 571 571 571 570 570 570 570 570 569 569 569 569 569 568 568 568 568 567 567 567 566 566 566 566 566 566 -9999 -9999
558 558 558 558 558 558 558 558 558 558 558 558 558 558 557 557 557 557 557 557 557 557 557 565 565 565 565 565 565 565 565 565 576 576 576 576 575 575 575 575 574 574 574 574 574 574 574 573 573 573 572 572 572 572 571 571 571 571 570 570 570 570 570 569 569 569 569 569 568 568 568 568 567 567 567 567 566 566 566 566 566 566 -9999
558 558 558 558 558 558 558 558 558 558 558 558 558 558 557 557 557 557 557 557 557 557 557 565 565 565 565 565 565 565 565 565 576 576 576 576 575 575 575 575 574 574 574 574 574 574 574 573 573 573 572 572 572 572 571 571 571 571 570 570 570 570 570 569 569 569 569 569 568 568 568 568 567 567 567 567 566 566 566 566 566 566 -9999
558 558 558 558 558 558 558 558 558 558 558 558 558 558 557 557 557 557 557 557 557 557 557 565 565 565 565 565 565 565 565 565 576 576 576 576 575 575 575 575 574 574 574 574 574 574 574 573 573 573 572 572 572 572 571 571 571 571 570 570 570 570 570 569 569 569 569 569 568 568 568 568 567 567 567 567 567 566 566 566 566 566 566
558 558 558 558 558 558 558 558 558 558 558 558 558 558 557 557 557 557 557 557 557 557 557 565 565 565 565 565 565 565 565 565 576 576 576 576 575 575 575 575 574 574 574 574 574 574 574 573 573 573 572 572 572 572 571 571 571 571 570 570 570 570 570 569 569 569 569 569 568 568 568 568 567 567 567 567 567 566 566 566 566 566 566
558 558 558 558 558 558 558 558 558 579 579 579 579 579 557 557 557 557 557 557 557 557 557 565 565 565 565 565 565 565 565 565 576 576 576 576 575 575 575 575 574 574 574 574 574 574 574 578 578 578 572 572 572 572 571 571 571 571 570 570 570 570 570 569 569 569 569 569 568 568 568 568 567 567 567 567 567 566 566 566 566 566 566
558 558 558 558 558 558 558 558 558 579 579 579 579 579 557 557 557 557 557 557 557 557 557 565 565 565 565 565 565 565 565 565 576 576 576 576 575 575 575 575 574 574 574 574 574 574 574 578 578 578 572 572 572 572 571 571 571 571 570 570 570 570 570 569 569 569 569 569 568 568 568 568 567 567 567 567 567 566 566 566 566 566 566
558 558 558 558 558 558 558 558 558 579 579 579 579 579 588 588 588 588 557 557 557 557 557 565 565 565 565 565 565 565 565 565 576 576 576 576 575 575 575 575 575 574 574 574 574 574 574 578 578 578 587 587 587 587 587 587 586 585 584 584 584 584 584 583 583 583 583 583 568 568 568 568 567 567 567 567 567 566 566 566 566 566 566
558 558 558 558 558 558 558 558 558 579 579 579 579 579 588 588 588 588 557 557 557 557 557 565 565 565 565 565 565 565 565 565 576 576 576 576 575 575 575 575 575 574 574 574 574 574 574 578 578 578 587 587 587 587 587 587 586 585 584 584 584 584 584 583 583 583 583 583 568 568 568 568 567 567 567 567 567 566 566 566 566 566 580
558 558 558 558 558 558 558 558 558 579 579 579 579 579 588 588 588 588 557 557 557 557 557 565 565 565 565 565 565 565 565 565 576 576 576 595 595 595 595 595 595 594 594 594 594 594 594 593 593 593 586 586 586 586 586 586 586 585 584 584 584 584 584 592 592 592 592 592 591 591 591 591 590 590 590 590 590 589 589 589 589 580 580
601 601 601 601 601 600 600 600 600 599 599 599 599 599 598 598 598 598 597 597 597 597 597 565 565 565 565 596 596 596 596 596 595 595 595 595 595 595 595 595 595 594 594 594 594 594 594 593 593 593 586 586 586 586 586 586 586 585 584 584 584 584 584 592 592 592 592 592 591 591 591 591 590 590 590 590 590 589 589 589 589 580 580
601 601 601 601 601 600 600 600 600 599 599 599 599 599 598 598 598 598 597 597 597 597 597 565 565 565 565 596 596 596 596 596 595 595 595 595 595 595 595 595 595 594 594 594 594 594 594 593 593 593 586 586 586 586 586 586 586 586 586 584 584 584 584 592 592 592 592 592 591 591 591 591 590 590 590 590 590 589 589 589 589 580 580
601 601 601 601 601 600 600 600 600 599 599 599 599 599 598 598 598 598 597 597 597 597 597 596 596 596 596 596 596 596 596 596 595 595 595 595 595 595 595 595 595 594 594 594 594 594 594 593 593 593 586 586 586 586 586 586 586 586 586 584 584 584 584 592 592 592 592 592 591 591 591 591 590 590 590 590 590 589 589 589 589 580 580
601 601 601 601 601 600 600 600 600 599 599 599 599 599 598 598 598 598 597 597 597 597 597 596 596 596 596 596 596 596 596 596 595 595 595 595 595 595 595 595 595 594 594 594 594 594 594 593 593 593 586 586 586 586 586 586 586 586 586 584 584 584 584 592 592 592 592 592 591 591 591 591 590 590 590 590 590 589 589 589 589 580 580
601 601 601 601 601 600 600 600 600 599 599 599 599 599 598 598 598 598 597 597 597 597 597 596 596 596 596 596 596 596 596 596 595 595 595 595 595 595 595 595 595 594 594 594 594 594 594 593 593 593 609 609 609 609 609 609 609 609 609 608 608 608 608 592 592 592 592 592 591 591 591 591 590 590 590 590 590 589 589 589 589 580 580
601 601 601 601 601 600 600 600 600 599 599 599 599 599 598 598 598 598 597 597 597 597 597 596 596 596 596 596 596 596 596 596 595 595 595 595 595 595 595 595 595 594 594 594 594 594 594 593 593 593 609 609 609 609 609 609 609 609 609 608 608 608 608 592 592 592 592 592 591 591 591 591 590 590 590 590 590 589 589 589 589 580 580
601 601 601 601 601 600 600 600 600 599 599 599 599 599 598 598 598 598 597 597 597 597 597 596 596 596 596 596 596 596 596 596 595 595 595 595 595 595 595 595 595 594 594 594 594 594 594 593 593 593 609 609 609 609 609 609 609 609 608 608 608 608 608 592 592 592 592 592 591 591 591 591 590 590 590 590 590 589 589 589 589 580 580
601 601 601 601 601 600 600 600 600 599 599 599 599 599 598 598 598 598 597 597 597 597 597 596 596 596 596 596 596 596 596 596 595 595 595 595 595 595 595 595 595 594 594 594 594 594 594 593 593 593 609 609 609 609 609 609 609 609 608 608 608 608 608 592 592 592 592 592 591 591 591 591 590 590 590 590 590 589 589 589 589 580 580
601 601 601 601 601 600 600 600 600 599 599 599 599 599 598 598 598 598 597 597 597 597 597 596 596 596 596 596 596 596 596 596 595 595 621 621 621 621 621 621 621 620 620 620 620 620 620 619 619 619 618 618 618 618 618 618 618 618 618 618 618 618 618 618 618 618 618 618 617 617 617 617 616 616 616 616 616 615 615 615 615 614 614
631 631 631 631 631 630 630 630 630 628 628 628 628 628 624 624 624 624 624 624 624 624 624 623 623 623 623 622 622 622 622 622 621 621 621 621 621 621 621 621 621 620 620 620 620 620 620 619 619 619 618 618 618 618 618 618 618 618 618 618 618 618 618 618 618 618 618 618 617 617 617 617 616 616 616 616 616 615 615 615 615 614 614
631 631 631 631 631 630 630 630 630 628 628 628 628 628 624 624 624 624 624 624 624 624 624 623 623 623 623 622 622 622 622 622 621 621 621 621 621 621 621 621 621 620 620 620 620 620 620 619 619 619 618 618 618 618 618 618 618 618 618 618 618 618 618 618 618 618 618 618 629 629 629 629 627 627 627 627 627 626 626 626 626 625 625
631 631 631 631 631 630 630 630 630 628 628 628 628 628 624 624 624 624 624 624 624 624 624 623 623 623 623 622 622 622 622 622 621 621 621 621 621 621 621 621 621 620 620 620 620 620 620 619 619 619 618 618 618 618 618 618 618 618 618 618 618 618 618 618 618 618 618 618 629 629 629 629 627 627 627 627 627 626 626 626 626 625 625
631 631 631 631 631 630 630 630 630 628 628 628 628 628 624 624 624 624 624 624 624 624 624 623 623 623 623 622 622 622 622 622 621 621 621 621 621 621 621 621 621 620 620 620 620 620 620 619 619 619 618 618 618 618 618 618 618 618 618 618 618 618 618 618 618 618 618 618 629 629 629 629 629 627 627 627 627 626 626 626 626 625 625
631 631 631 631 631 630 630 630 630 628 628 628 628 628 624 624 624 624 624 624 624 624 624 623 623 623 623 622 622 622 622 622 621 621 621 621 621 621 621 621 621 620 620 620 620 620 620 619 619 619 642 642 642 642 642 642 642 642 642 642 642 642 642 642 642 642 642 642 629 629 629 629 629 627 627 627 627 626 626 626 626 625 625
631 631 631 631 631 630 630 630 630 630 628 628 628 628 624 624 624 624 624 624 624 624 624 623 623 623 623 622 622 622 622 622 621 621 621 621 621 621 621 621 621 620 620 620 620 620 620 619 619 619 642 642 642 642 642 642 642 642 642 642 642 642 642 642 642 642 642 642 629 629 629 629 629 627 627 627 627 626 626 626 626 625 625
611 631 631 631 631 630 630 630 630 630 628 628 628 628 624 624 624 624 624 624 624 624 624 623 623 623 623 622 622 622 622 622 621 621 621 621 621 621 621 621 621 620 620 620 620 620 620 619 619 619 642 642 642 642 642 642 642 642 642 642 642 642 642 642 642 642 642 642 629 629 629 629 629 627 627 627 627 626 626 626 626 625 625
611 631 631 631 631 630 630 630 630 630 628 628 628 628 624 624 624 624 624 624 624 624 624 623 623 623 623 622 622 622 622 622 621 621 621 621 621 621 621 621 621 620 620 620 620 620 620 619 619 619 642 642 642 642 642 642 642 642 642 642 642 642 642 642 642 642 642 642 629 629 629 629 629 627 627 627 627 626 626 626 626 625 625
611 631 631 631 631 630 630 630 630 630 628 628 628 628 624 624 624 624 624 624 624 624 624 623 623 623 623 622 622 622 622 622 621 654 654 654 653 653 653 653 653 653 653 653 653 652 652 651 651 651 650 650 650 650 649 649 649 649 649 642 642 642 642 642 642 642 642 642 648 648 648 648 647 647 647 647 647 646 646 646 646 645 645
661 661 661 661 661 660 660 660 660 660 659 659 659 659 658 658 658 658 658 657 657 657 657 656 656 656 656 655 655 655 655 655 654 654 654 654 653 653 653 653 653 653 653 653 653 653 652 651 651 651 650 650 650 650 649 649 649 649 649 642 642 642 642 642 642 642 642 642 648 648 648 648 647 647 647 647 647 646 646 646 646 645 645
661 661 661 661 661 660 660 660 660 660 659 659 659 659 658 658 658 658 658 657 657 657 657 656 656 656 656 656 655 655 655 655 654 654 654 654 653 653 653 653 653 653 653 653 653 653 652 651 651 651 650 650 650 650 649 649 649 649 649 642 642 642 642 642 642 642 642 642 648 648 648 648 647 647 647 647 647 646 646 646 646 645 645
661 661 661 661 661 660 660 660 660 660 659 659 659 659 658 658 658 658 658 657 657 657 657 656 656 656 656 656 655 655 655 655 654 654 654 654 653 653 653 653 653 653 653 653 653 653 652 651 651 651 650 650 650 650 649 649 649 649 649 642 642 642 642 642 642 642 642 642 648 648 648 648 647 647 647 647 647 646 646 646 646 645 645
661 661 661 661 661 660 660 660 660 660 659 659 659 659 658 658 658 658 658 657 657 657 657 656 656 656 656 656 655 655 655 655 654 654 654 654 653 653 653 653 653 653 653 653 653 653 652 651 651 651 650 650 650 650 649 649 649 649 649 642 642 642 642 642 642 642 642 642 648 648 648 648 647 647 647 647 647 646 646 646 646 645 645
661 661 661 661 661 660 660 660 660 660 659 659 659 659 658 658 658 658 658 657 657 657 657 656 656 656 656 656 655 655 655 655 654 654 654 654 653 653 653 653 653 653 653 653 653 653 652 651 651 651 650 650 650 650 649 649 649 649 649 642 642 642 642 642 642 642 642 642 648 648 648 648 647 647 647 647 647 646 646 646 646 645 645
